1.666098218236109711e-03 3.128271313230000057e-04 -1.136281347391930596e-04 3.779511455357886752e-04 -2.432712197829544861e-04 7.189279968374529786e-05 -3.521545066884943062e-04 3.109380208466693582e-04 4.155498218575365906e-04 -7.511916489359713226e-05 -8.217932593469744489e-05 -1.702585616876027829e-05 -1.072768307634199919e-04 -2.126131806768389741e-04 7.199860630858463488e-05 -2.178845505830101763e-04 5.412194960877486627e-05 -1.903151981240629555e-04 -1.788522051813408453e-04 8.232635676887806902e-05 -1.367369724205856640e-04 -3.378624571376569641e-04 8.152990234625591065e-06 -4.313261369315334374e-04 -1.622823144349731783e-04 -1.970118523538093132e-05 1.170538785301736636e-04 2.017417488254415875e-04 -2.415165827100332438e-04 2.288526857485617054e-04 5.484207458825315039e-05 -6.256644548166461557e-05 3.384446360202473473e-04 -8.587681397338472295e-05 -1.065049646743055609e-04 -4.189185297889608868e-05 -2.591447756060897067e-05 -4.754722799016451056e-04 6.679580068976214617e-05 -5.501990153434836402e-06 -3.751803985222981383e-04 -9.858471865944514877e-05 -1.462261150052696090e-04 -4.614614184656615149e-04 2.248745082086408761e-04 1.067973035626244063e-04 -1.516532417527210520e-04 -8.545146035334826148e-05 -2.126620721444623244e-04 -1.980201275911155478e-04 -2.809916215067478885e-04 1.637508758682382031e-04 -1.978242493198302453e-05 1.190015076950591105e-04 -1.570811820944560460e-04 1.560776710013665747e-04 8.164010072236556120e-04 -2.050253135499416086e-04 2.371142404107389850e-05 -2.240419866315158381e-05 4.083009806999202156e-05 -1.925065352968317119e-04 1.207463614527460693e-04 2.172167254577328423e-04 2.975745832842550910e-04 -4.288622653268132153e-05 -4.195088055659771336e-05 -4.044112858320626368e-04 -7.532239708453836809e-05 3.536499775995839549e-04 -2.085233120372454439e-04 -2.724488807007313277e-05 -1.670158407312898020e-04 1.965448938965702293e-04 -3.146836314483367160e-04 5.469877747291236131e-05 0.000000000000000000e+00
3.128271313230000057e-04 2.940796616015808537e-03 -1.629478277177416747e-05 3.194868811600506974e-04 4.188633674154321760e-04 4.650318995103294218e-04 1.941668648597099007e-04 3.961004592014247478e-04 5.326288263048855687e-04 4.278746849463527317e-05 2.933615362070571752e-04 3.201873197975557217e-04 1.677567060971678478e-04 2.381169409391058959e-04 -6.085185039987517537e-04 1.175800764792549180e-04 1.005962654489371338e-04 3.188272484933952285e-04 -3.104611064398861420e-05 -5.751765775262819482e-04 1.426715951362711053e-04 -1.933618649973754247e-04 -3.606556917534842151e-05 7.532730134966109158e-05 -9.497918094507279494e-05 3.631523116819811094e-04 5.756699912958693991e-04 7.299451825099235883e-04 -8.349472585963789570e-05 -5.567312799816043813e-05 5.369673887250637996e-05 8.702795782446093201e-05 -1.851897519251213071e-04 2.040100374540274215e-04 -1.242702494987480754e-05 2.078552159157843375e-04 4.686264693634118340e-04 1.528863980389457160e-04 1.077206367907342300e-04 6.263443236053852241e-05 1.407201166632764729e-04 -2.045959631187301427e-08 1.593020923113244378e-04 2.039223130581777326e-04 5.449930028438226349e-04 1.255455725564416647e-03 -1.844485542809200782e-04 3.148550659432641210e-05 1.630849508400610982e-05 -3.353567810398460042e-04 -5.777226756874189080e-04 4.798421361709412944e-04 2.561807192747736972e-04 2.029729068820734729e-04 6.532584197008381151e-05 -4.980436169171808484e-04 1.897230315867932254e-04 1.416551597419073898e-04 -1.543318740133583339e-04 2.160837974714739998e-04 7.332776295206736602e-05 -1.770817630076515752e-04 -3.155424424399132471e-04 7.560504214708855901e-05 -2.042054948537580961e-04 4.274608381840035989e-04 1.607157311051409139e-04 7.311111219495533206e-04 5.544763954511470160e-04 1.842203744290371137e-04 -5.946072150378442283e-04 4.045588346514329952e-04 1.929444850439699424e-06 2.700488082417259886e-04 -1.590016841465726773e-04 1.564030093818748071e-04 0.000000000000000000e+00
-1.136281347391930596e-04 -1.629478277177416747e-05 3.463613271205557946e-03 -8.622367972806864065e-04 -7.530540003823106825e-04 -4.440167661770564093e-04 -1.171957838858759312e-03 -6.283226524653980408e-05 5.156317171059889666e-04 -3.192797829029678279e-04 -2.976269344591750728e-06 -3.248805443371445795e-04 -3.987485796737909403e-04 -5.834704102611789744e-04 -7.313487191305319973e-05 -7.991932968560165650e-04 -2.301665445653868619e-04 -5.669239200802882097e-04 -7.311934089574952458e-04 -8.678096045270728082e-05 -2.011541824896942194e-04 -2.956191128817249668e-04 2.459979517147099391e-04 1.106022912295571026e-03 -2.319146033485468804e-04 -1.866891425726773657e-05 5.084368917986062299e-04 -3.177368361080685176e-04 -1.059937053774325161e-04 -6.967833147829180203e-04 2.078786710910441357e-04 -1.350752493756251203e-04 1.664228259341900187e-04 -2.294213530347368043e-04 -1.651943345779512454e-04 -9.067596856494114976e-05 -6.430767725298250706e-04 -2.918101645813925000e-04 -3.051454223525178612e-04 -3.813922227827828732e-04 -3.989541474356464576e-04 -4.811102946377317810e-04 -1.364607953695066978e-04 -9.502398774644256300e-04 -8.347900791665779918e-05 -2.376015894534942252e-04 -1.279126646105302023e-04 -2.688553289280118082e-04 -4.466122402578052812e-04 9.643505809403416168e-04 4.339043156771329643e-04 -4.736448936851960032e-05 -3.096566245290185927e-05 7.330079791344818374e-05 -1.553563830965902254e-04 4.254367967293865233e-04 1.999235468357884191e-04 -8.176695910930133427e-06 1.847306232819373754e-05 -4.768303754388914287e-04 2.273542896420871958e-05 1.179027795513643348e-04 9.197853282074173022e-04 6.551698095809623424e-05 -7.113350995309485926e-04 4.014332242106335427e-04 1.128837505455780631e-04 2.367973018032653112e-04 -5.012012094868995623e-04 -8.248594390325575398e-04 7.618279341556609971e-04 -2.448829044150139405e-04 -4.308029904677369479e-04 -2.082471209636769550e-04 3.285808259103215534e-04 2.463607941911079985e-04 0.000000000000000000e+00
3.779511455357886752e-04 3.194868811600506974e-04 -8.622367972806864065e-04 3.226196513634062117e-03 4.265815420904074890e-04 6.231853948046803260e-04 1.199216589652157524e-03 -9.667689905572519297e-05 -7.130049352822864523e-04 -1.579935757814486459e-05 3.456129107670507001e-07 3.954111791494312645e-04 2.092555594543872371e-04 3.236609629090959114e-04 3.392157942342609029e-04 3.252322696592792328e-04 -4.089253976031366456e-04 1.483476040439561650e-04 2.593038646391777001e-04 -4.828576101555227883e-04 -2.744518546818830522e-05 1.784216448016132583e-04 -2.181861455161238778e-04 -4.013535797865343388e-04 -3.057145479393691509e-05 -1.568038251540406728e-04 2.717411375159510859e-04 6.423154484554919989e-05 -6.374078694370347551e-05 -2.235235996341299416e-04 -2.862038323270628599e-04 -4.004973484235335122e-05 -1.796835786525610148e-04 3.067594143873204459e-04 -5.180413599720674900e-05 -3.095766727933907202e-05 4.694925235724381821e-04 -5.900322731873813045e-05 1.917939748967605398e-04 2.301085071388960629e-04 -1.394027085416050854e-04 1.481469410906076378e-04 -1.859985837202805434e-04 2.626386640156136410e-04 -3.040042363088443170e-04 4.171001722245888665e-04 -6.178090112911142906e-04 -4.899753023933707844e-04 2.337389352574828591e-04 6.580473854587895986e-04 -1.120134577451683969e-03 3.277578353333680415e-04 -1.699858755574730671e-05 -1.322151248192182822e-04 -5.264827698988409471e-05 -3.461009899299504410e-05 -9.126637826687691770e-04 -3.697651660270915783e-05 -2.445604629373648235e-04 -1.921310495192841343e-04 -3.902592068573144317e-04 -1.154489476357063249e-04 -1.612870846771386895e-05 -4.754256092857691587e-05 3.530512304201544244e-04 7.090962919723582528e-05 -1.319793596271827472e-04 -4.784328437795834109e-04 1.407123832315719416e-04 3.920938639288849077e-04 -2.268565567006411226e-04 3.528121304413459666e-04 2.672759144695598414e-04 9.509031899809245326e-05 4.096783489801504450e-05 -4.870566204437561933e-04 0.000000000000000000e+00
-2.432712197829544861e-04 4.188633674154321760e-04 -7.530540003823106825e-04 4.265815420904074890e-04 1.389821579196309472e-03 3.250851531305337747e-04 6.377899880805450519e-04 1.942330373628247569e-04 -2.743673316157902993e-04 2.011732589270514779e-04 3.093303029419710638e-04 4.663141072250502443e-04 2.684989179048250007e-04 5.629310154076903362e-04 -1.658227632065241962e-04 3.215269318873272713e-04 -1.631696329160014375e-04 4.061902699572659181e-04 3.069138803713356944e-04 -4.277996627598590665e-05 3.577955215711502547e-04 -5.447837940370801109e-05 -1.526490358039542380e-04 5.386657996479899888e-04 1.843250314120950807e-05 2.401866109954720247e-04 9.097532125292210714e-05 1.914650724363433927e-04 1.742378520002900812e-04 3.159324805238589271e-04 -9.124992882069343303e-05 -1.129014990667212939e-04 -5.602762071718008332e-04 3.559299018504229542e-04 1.471923044223937970e-04 3.308054667602706674e-04 8.696903650180614611e-04 2.975891897041877017e-04 5.358274290994870671e-04 3.248962769362546098e-04 6.824439733200889395e-04 -2.120586298059143364e-06 1.408194545463075840e-04 2.300821821051461180e-04 1.016159560405964567e-04 3.455964603668331314e-04 -2.932799973731826885e-05 8.526494142759289384e-05 2.736021796605584170e-04 -4.806671821204432354e-04 -1.815773580354675251e-04 -5.883929614699119740e-05 1.440796801216095578e-04 1.500522188874102783e-04 1.005940576122899992e-04 -4.625916702788721089e-04 -3.944920063991973240e-05 -3.990605600866166435e-05 -6.104747718829969826e-05 2.212022283447272826e-04 2.773379929183087756e-04 1.652484192325004409e-04 -3.757615784767920309e-05 2.599124614478466773e-04 -8.038715940669688236e-05 1.097561068478533842e-04 -3.417013773736480587e-07 9.035650803282139153e-05 -6.344229866549682762e-05 4.849119770110955273e-05 -2.242282801484258691e-04 6.595850334643493416e-05 1.819437808105120067e-04 3.164269923203820293e-04 3.723662206191260550e-04 2.280172338300616051e-04 0.000000000000000000e+00
7.189279968374529786e-05 4.650318995103294218e-04 -4.440167661770564093e-04 6.231853948046803260e-04 3.250851531305337747e-04 2.775763887056781429e-03 8.984130137572462430e-04 1.183732753082245411e-04 -2.889231582146230214e-05 4.393907349234210896e-05 2.271734491304546713e-04 4.145980126829226006e-04 3.627340218276275691e-04 1.997614671612310728e-04 -6.809186759745932240e-04 5.878272627401438452e-04 -5.808445390244049286e-04 4.467616963822926518e-04 7.588341407300788549e-04 -8.562888859370824555e-05 1.163282354112262808e-04 -6.350398797502967302e-05 -2.500929833686224156e-04 -2.482157410835858632e-04 -5.081306287549202825e-04 -4.927348766790773035e-04 -2.624709969583539242e-04 2.525707448443521874e-04 3.820377566441888475e-05 2.207672301292397431e-04 -4.464287965240370376e-05 -1.081461658526739790e-04 -1.313537401476860746e-04 1.036726021877521842e-04 -5.013705028902694854e-05 1.751105616740854113e-04 2.192283541048307938e-04 -4.521561796671546337e-04 -4.423519338391514676e-04 2.318532839386126842e-04 2.344734876232108421e-04 -4.561479776895539990e-04 -1.365083177975130247e-04 7.824966853656200889e-05 -4.887742977817355556e-04 7.357999105602183515e-04 -2.025518828603078156e-04 -6.080231105721006996e-04 2.416925846876154379e-04 -3.407035585558785044e-04 -5.418158641046375229e-04 -9.342168293425862254e-05 1.005321393729481519e-04 -6.479365704920187223e-05 2.364909918779424178e-04 -3.924033723426707918e-04 3.587395615537936544e-04 -1.810823569578022909e-04 -1.721647746689659788e-04 1.649568750596263874e-04 7.287432200816783170e-05 2.292211009675319626e-04 5.074394086102452942e-04 1.555294613337573635e-05 8.778333748134954358e-05 -3.654573823421951436e-04 -1.710855441282305568e-04 1.461186554834864311e-04 -5.738890639174150420e-04 -2.570474890595530484e-04 -1.100093564337889475e-03 1.710276916450645320e-05 2.248055066327303496e-05 1.114836271570937338e-05 6.294037658617709788e-04 -4.006660937206217468e-05 0.000000000000000000e+00
-3.521545066884943062e-04 1.941668648597099007e-04 -1.171957838858759312e-03 1.199216589652157524e-03 6.377899880805450519e-04 8.984130137572462430e-04 3.025905520101340208e-03 -1.716045683755822550e-04 -2.017357382933541651e-04 -5.932487909859819364e-06 1.631345253300878076e-04 3.636132533989012983e-04 4.788601598805504824e-04 4.643224449995302029e-04 -1.460600847859253992e-04 8.542011577635653030e-04 -3.895666938946996645e-04 4.337934007420682445e-04 5.509466308452293194e-04 5.726942727624324348e-04 1.465976157865828502e-04 5.365553423549444985e-04 -4.097154189480503404e-05 3.031739568063287799e-04 -7.980716228833880396e-05 -3.031101326740493759e-05 -3.007294777922561854e-04 4.691865233901625396e-05 7.181668767695950314e-05 2.823140024446775791e-04 -7.512079938370370730e-05 2.676581578044598115e-05 2.720655149809806750e-05 -6.602285888702538372e-05 -3.754568470138536592e-05 3.992744169529327509e-05 2.445949064642154256e-04 3.927077171847532687e-04 7.399714002703473240e-04 7.623647415706909702e-05 3.713565266754860874e-04 4.879795943181862287e-04 -1.283302609273883040e-05 4.336324698408612968e-04 -7.648822371006247641e-04 -1.887395066572154193e-04 -5.633771276933258534e-04 -3.426655584383579201e-04 4.156637671735912364e-04 -2.462413447913543922e-04 -6.882049555833893127e-04 1.344274397910485280e-04 7.023164415405397560e-05 -4.887078789339732596e-05 9.577936639109834772e-05 -2.106264638258148318e-04 -8.332535073667141252e-04 2.215675939271263264e-04 -2.718037980761569042e-04 1.919058155511820071e-04 4.498842599676843604e-05 -1.286459993301943190e-04 -6.795870276926389234e-04 4.405281691852943628e-05 6.164848505972780933e-04 -2.028225381922934016e-04 -2.926451047502698333e-04 -1.029808291270329338e-04 9.235520566704739063e-05 4.157313078049409538e-04 -3.954597005732540002e-04 -3.903492727067665104e-05 1.231735886477990647e-04 -1.624735526568407294e-04 7.201269690138551826e-05 -2.941623430399655675e-04 0.000000000000000000e+00
3.109380208466693582e-04 3.961004592014247478e-04 -6.283226524653980408e-05 -9.667689905572519297e-05 1.942330373628247569e-04 1.183732753082245411e-04 -1.716045683755822550e-04 4.216173451043292810e-04 1.305875162635614572e-04 7.093351940348134555e-05 4.295458290849890387e-05 1.188192119588140142e-04 4.122421894971522104e-05 -4.601009325000774699e-05 -1.508150322586242372e-04 1.690813356646087481e-05 1.889370901704280875e-04 1.010872440769157590e-04 4.279050198837561984e-05 -2.310018373327109732e-04 8.428420891393286006e-05 -2.509892812018843337e-04 -3.705748985588212959e-05 9.600619389734157125e-05 -1.131969747787685455e-04 4.063282309573567312e-06 1.053979198292605236e-04 9.774393446899006497e-05 1.097448007767166596e-05 -2.863146338382406656e-05 5.605102933308985370e-05 -6.397945607868032048e-05 -2.853083602831945202e-05 1.166152739452032671e-04 -3.814929706825818657e-05 1.515385549576540208e-04 1.868588837798594950e-04 -1.249781476008168313e-04 2.319608093005957178e-04 1.016679684785095885e-04 4.746570870610744471e-05 -4.783089667548374947e-05 1.254166774054018391e-04 -8.607925727095813186e-05 1.763127844005750130e-04 3.198126904871653763e-04 -1.802804032238257298e-05 2.936643720475872767e-05 -6.205596945538470455e-05 -5.919085097306004328e-04 4.919251129115185178e-05 2.024927794900503589e-04 -1.250338158766184256e-05 1.814716171016953167e-04 -3.376634940862125911e-06 -2.712147165177637774e-04 4.466237599803402655e-04 -5.756491229536546366e-06 -1.422123915382115306e-05 5.188126089165667380e-05 8.204757081435321833e-05 -1.091186293428124637e-04 3.593303716526729029e-06 2.123904799110353273e-04 -1.220028419799317143e-04 9.907106503015687855e-05 8.313991172717194076e-05 -4.161224236638066003e-06 1.411106735981556431e-04 1.071350082783497092e-04 -3.259689234897505386e-04 -4.123354046902002573e-05 -6.442118217481499973e-05 2.960462951547615843e-04 -3.395472112916751625e-05 1.131887050047232756e-04 0.000000000000000000e+00
4.155498218575365906e-04 5.326288263048855687e-04 5.156317171059889666e-04 -7.130049352822864523e-04 -2.743673316157902993e-04 -2.889231582146230214e-05 -2.017357382933541651e-04 1.305875162635614572e-04 9.818449329661374514e-04 -1.011697779947617329e-04 -2.171836416461143783e-05 -1.340877608845273056e-04 -9.405825131690864901e-05 -2.751192819298695796e-04 5.929615001447165933e-05 -1.373529489650536278e-04 9.754753349078988114e-05 -1.397885793269504362e-04 -4.106571455651136012e-04 4.265985859210953847e-05 -2.192307327382415558e-04 -3.455627102526380575e-04 2.981076399983582752e-04 1.053334598626807340e-04 -6.290392403161984656e-05 2.345829202486129331e-04 -3.343881363554586329e-04 1.195030261579020951e-04 -3.088008324903670858e-05 -6.294438881617839027e-05 1.161968582272562942e-04 3.885137852832353824e-06 1.204763390123781267e-05 -2.578541038521224463e-04 -1.265484224694760236e-04 -3.271610120770566472e-05 -3.175893786360151311e-04 -2.383643893140517775e-04 9.654036498775041188e-05 -1.172057945662723425e-04 -4.973696693958563734e-05 -1.017000551341058095e-04 2.969216960453200735e-05 -1.821946781001732322e-04 1.793913637169451092e-05 -1.984826114803215789e-04 -7.814668698520794467e-05 -1.891030882396485882e-04 -2.030003093032650490e-04 -4.012881269276600844e-04 2.710257828733171051e-04 7.725269213577676372e-05 2.850156385347507034e-05 4.931058527751808093e-05 -5.667881344676874682e-05 1.219896922462056709e-04 4.003550658445730374e-04 -7.855137536687712167e-05 -8.749473549754160017e-05 6.934124464319293686e-05 1.412564129529930127e-04 4.858758588680874821e-06 -1.784190279290396222e-05 -1.507834233093285829e-06 6.000114096359071163e-05 2.107863512117576720e-04 1.331412175222735272e-04 3.768005596204797281e-04 -1.698428203755780080e-04 -1.557114310137811984e-04 7.890378396246868625e-05 -9.880092895503092998e-05 -1.296587093073837949e-04 7.882357306342435135e-05 -1.828809496889564399e-05 2.021700976055992730e-04 0.000000000000000000e+00
-7.511916489359713226e-05 4.278746849463527317e-05 -3.192797829029678279e-04 -1.579935757814486459e-05 2.011732589270514779e-04 4.393907349234210896e-05 -5.932487909859819364e-06 7.093351940348134555e-05 -1.011697779947617329e-04 3.240333891314055303e-04 1.296808784021676454e-04 1.556031479545925955e-04 1.584291199081915816e-04 2.557717709839100301e-04 2.120188045734894180e-04 2.345252680137367956e-04 -3.101862555597710190e-05 2.526030352673010767e-04 7.409622395964492734e-05 8.397069228504904024e-05 1.434376382116794976e-04 -6.913194966985881018e-05 1.546282807712324873e-04 1.946035831977391587e-04 9.511348864992082879e-05 5.866554552637003007e-05 5.596318199659104192e-05 2.252812249427184506e-04 9.688386630028441096e-05 -1.259554183189271284e-04 6.256283663569583682e-05 5.554113693968473921e-05 5.346083865092257902e-05 1.836050486328306606e-04 1.864250916224470067e-04 1.912107845673646691e-04 2.313029686294522163e-04 1.315645894759495010e-04 -2.477275161808039868e-04 1.794435306069372903e-04 4.697840906493950408e-05 1.272309303467395478e-04 5.261633450781928376e-05 7.370859993872958817e-05 1.234798985069262113e-04 1.238077452640543833e-04 5.128403116495519793e-05 1.725587983519579036e-04 1.452919116098536870e-04 6.281775682583910531e-05 -5.076019715324515415e-05 -2.237376886688821772e-05 1.768120454140656428e-04 2.131172229245363061e-04 9.099173365937981311e-05 -1.794077525552281206e-04 -8.381869304552670141e-06 3.809231191071432547e-05 3.729588775538962792e-05 1.712051804089172549e-04 -6.692156211196732948e-05 -2.803154326435396688e-05 -1.123004057219262081e-04 2.531304391767527637e-06 -6.640908804880237383e-05 -2.240422713600759101e-05 -5.130917244571048854e-05 1.023479274649490735e-05 -1.864106637381798820e-05 1.042665717234510735e-04 -1.998097775015972408e-04 8.639089061625341586e-06 2.553523667177275456e-05 -6.410467210974975379e-05 -1.209843130640893337e-04 -7.793096121734291112e-05 0.000000000000000000e+00
-8.217932593469744489e-05 2.933615362070571752e-04 -2.976269344591750728e-06 3.456129107670507001e-07 3.093303029419710638e-04 2.271734491304546713e-04 1.631345253300878076e-04 4.295458290849890387e-05 -2.171836416461143783e-05 1.296808784021676454e-04 2.748537598716130933e-04 1.959843146472043003e-04 1.588658944085235398e-04 2.909499780030728772e-04 -6.363196436536759214e-05 1.935510540158505530e-04 -1.979329231420109687e-04 2.306140131046441582e-04 1.836476859755077054e-04 8.671095857650668246e-06 1.388788774781629328e-04 -7.866947865655952630e-05 1.495820215492203807e-04 1.982324034631552281e-04 9.285822284574888082e-06 6.889299997940692743e-05 1.104140757394787929e-04 2.179313989223629277e-04 3.215562828504921016e-05 1.767790034760490750e-04 -1.581332200609677379e-05 -1.269792628128509684e-05 -4.076747089859009127e-05 1.088470572262905024e-04 1.514481918877783897e-04 2.084327041851760578e-04 2.634730688914935465e-04 2.284817928085387860e-04 -7.418139019342429702e-05 1.894158655188362772e-04 2.447855477141793715e-04 -1.256304181128686294e-05 -4.040300280888900354e-06 -3.147757287968957751e-06 1.063226884370304759e-04 4.101381833726293054e-04 -1.857211494196651914e-05 -4.832426522493641442e-05 1.279504961874865449e-04 1.898333639986259829e-04 -9.041397939696500742e-05 -5.685684596521312258e-05 1.998570472344111601e-04 1.605143708998909885e-04 1.367982432415263544e-04 -1.300150298127671718e-04 6.141714386904395168e-06 -2.852734597034172964e-06 -2.855981018106182505e-05 1.634923532366451202e-04 1.229750492182538968e-04 6.567511665245828101e-06 7.476227204785207349e-05 1.308115828631478748e-04 -1.000488891701510570e-04 3.255367955086693087e-05 -5.742334291292041927e-05 6.316663674350942522e-05 2.383448580653287245e-05 -3.280076908124662235e-05 -1.676745145586571925e-04 1.107372128370234983e-04 3.599221665569889860e-05 5.279794404409861400e-05 1.080574507816415734e-04 5.855229269164680280e-05 0.000000000000000000e+00
-1.702585616876027829e-05 3.201873197975557217e-04 -3.248805443371445795e-04 3.954111791494312645e-04 4.663141072250502443e-04 4.145980126829226006e-04 3.636132533989012983e-04 1.188192119588140142e-04 -1.340877608845273056e-04 1.556031479545925955e-04 1.959843146472043003e-04 5.966983830156503358e-04 1.779394998912919401e-04 1.185879102933158044e-04 5.036015325887311381e-05 2.653408746393262196e-04 -4.007997818060621861e-04 1.456660809486214742e-04 -1.915992841877285795e-05 3.699419841466836762e-05 1.181935345692065799e-04 -1.067041894737117043e-05 1.888948814724672337e-05 5.670067915536665783e-04 -8.305237876916158756e-05 7.116774983492219929e-05 6.542411309974398238e-05 9.576978068779531809e-05 6.383951045324264592e-05 -2.631282296778184905e-04 -4.012868686693663847e-05 -4.244623216659402110e-05 -1.622663076408254607e-04 2.495401172342965701e-04 1.189758888633845059e-05 1.656019723387848214e-04 4.227617223782437162e-04 -1.235984060208237785e-04 8.190543629056027536e-05 2.356777739877913660e-04 1.596898680037967368e-04 -1.233350636533849421e-04 3.650426450181491465e-06 -5.516951185404036714e-05 -4.817918920880372933e-05 4.749968370047288630e-04 -5.778918642675665311e-05 -1.367844348222134563e-04 1.208505504248167788e-04 -2.210971466014086801e-04 -2.310919331986661289e-04 -8.717536127207158259e-06 1.808547343445660721e-04 1.873539080585202702e-04 9.152957069928051444e-05 -2.904281811643746446e-04 1.890310995473397317e-04 -9.839785783225488299e-05 -9.808583148081507456e-05 2.748589786558119918e-05 4.535010163299191000e-05 -6.714479036567077143e-05 -1.022692454498766841e-04 5.837521117603145757e-05 -1.355612793851988665e-04 1.606944517697885336e-04 -9.004897534727786669e-05 -5.716475133339486285e-05 2.980439589968808477e-05 1.193338768288257915e-04 -2.809722286555775919e-04 1.629510390241728556e-04 8.562035627754706628e-05 8.999950025748977382e-05 1.122917506352971105e-04 -1.671092683010815899e-05 0.000000000000000000e+00
-1.072768307634199919e-04 1.677567060971678478e-04 -3.987485796737909403e-04 2.092555594543872371e-04 2.684989179048250007e-04 3.627340218276275691e-04 4.788601598805504824e-04 4.122421894971522104e-05 -9.405825131690864901e-05 1.584291199081915816e-04 1.588658944085235398e-04 1.779394998912919401e-04 3.967898515977061292e-04 3.183544444119606499e-04 2.088544711837639180e-05 4.953852864839518918e-04 -2.368083506068443384e-04 3.671288846188401340e-04 2.832235782919995549e-04 1.570306904933670524e-04 1.652751606367814025e-04 4.497109619530720645e-05 8.509241347988590054e-05 1.350905220752101666e-04 2.744207112023471756e-05 9.279259331187200591e-05 1.156407819496729647e-04 2.437817903229978983e-04 1.077703114975786330e-04 1.675653180717312518e-04 5.136658916365112969e-05 7.385945607957285631e-05 -5.294731742843215844e-05 1.061613826205294191e-04 1.450778551078767261e-04 1.675863764732722931e-04 2.204610258604479270e-04 1.542552600775169019e-04 -1.971129693460804471e-04 1.922417498451939170e-04 1.128154367170648107e-04 7.342942394004941121e-05 2.724981571977398432e-05 6.764983727711858404e-05 -8.053586272409759249e-05 1.616284164863190161e-04 -1.362526909876628765e-04 -9.768567282080102359e-05 1.906632257321518161e-04 3.175911580018437480e-05 -2.446379993365927754e-04 -8.962999375788653265e-06 1.570495427669011193e-04 1.019879390803651170e-04 8.399582366830620622e-05 -1.566630073488630012e-04 -1.841331308683507770e-05 -2.860757349359920699e-05 -1.033751385739961826e-04 1.322734920866999188e-04 1.662745155080596143e-05 -8.397170336053477225e-05 -1.947880632504844594e-04 -2.682500960267653848e-05 4.919599181290008427e-05 -5.331537364755309740e-05 -1.052039289222235681e-04 -1.156707904763108664e-06 9.992042333472074523e-05 1.052117308873221335e-04 -1.585862350709287623e-04 1.615750812185035926e-05 5.215480268371524696e-05 -2.481967214774418834e-05 2.691981619722382882e-05 -1.430095570566561054e-04 0.000000000000000000e+00
-2.126131806768389741e-04 2.381169409391058959e-04 -5.834704102611789744e-04 3.236609629090959114e-04 5.629310154076903362e-04 1.997614671612310728e-04 4.643224449995302029e-04 -4.601009325000774699e-05 -2.751192819298695796e-04 2.557717709839100301e-04 2.909499780030728772e-04 1.185879102933158044e-04 3.183544444119606499e-04 8.599876622242141498e-04 1.992196300178094789e-04 4.883222156802753070e-04 -7.143120211632809674e-05 6.161613198769102769e-04 7.133690474541279141e-04 1.819161927778526117e-04 2.918399016570838575e-04 5.743214870257106462e-05 1.525648887749545912e-04 9.381313693984499327e-05 1.111929050433523838e-04 1.273703617283636206e-04 1.852304826994307328e-04 4.180276579539988612e-04 1.327353345649721710e-04 5.843205310273676296e-04 -2.082116347939471766e-07 1.540267964563903471e-04 -2.567182570468329943e-05 1.117739081485745722e-04 3.335322742056930816e-04 2.240165961258366596e-04 3.177564373903153574e-04 4.258502171723191061e-04 -4.530872190012281433e-04 2.619873568599478258e-04 2.958907256531591312e-04 2.448558853790272407e-04 1.332167214739163515e-06 1.639641991698247072e-04 2.518096582276389061e-05 2.194820915264580267e-04 3.914796239023972513e-06 2.169466520011567384e-04 3.081703763467275709e-04 5.023251510475302498e-04 -1.429203950618040649e-04 -6.465253426689715206e-05 3.227951873827622628e-04 1.952885027874447395e-04 2.689205465893714951e-04 -2.748002117331970677e-04 -2.598188832226894143e-04 6.399124759553803004e-05 5.051553383834714584e-06 3.582507761723126814e-04 7.353368124013563462e-05 5.637101650468922317e-05 -8.744644806097210288e-05 1.128552628641594379e-04 1.809193547441207230e-04 2.855450429575362466e-06 -1.370506202202453308e-04 -5.469996366653957765e-05 1.408656401972330428e-05 1.769107817489013292e-04 -6.820244374645301432e-07 1.014514146580843055e-04 8.301206643615007636e-05 3.606568206999140250e-07 1.842742275432026548e-04 4.800325985014826954e-05 0.000000000000000000e+00
7.199860630858463488e-05 -6.085185039987517537e-04 -7.313487191305319973e-05 3.392157942342609029e-04 -1.658227632065241962e-04 -6.809186759745932240e-04 -1.460600847859253992e-04 -1.508150322586242372e-04 5.929615001447165933e-05 2.120188045734894180e-04 -6.363196436536759214e-05 5.036015325887311381e-05 2.088544711837639180e-05 1.992196300178094789e-04 3.417210160104322113e-03 2.966512180532866251e-04 -2.801036705181927521e-04 3.287351743505325221e-04 1.325265024653335530e-04 1.638045999502666262e-03 -2.249956516839230963e-05 -3.404171487548321592e-04 6.961135235343562152e-05 6.692722532014037983e-04 4.356069340678397884e-04 -2.716638163654920839e-04 3.653831567407480880e-04 -3.748307194935485490e-04 8.048002921404421737e-05 -2.832679974888345563e-04 6.759068334149327586e-05 2.242649393816104281e-04 3.476351706914054557e-04 -1.242277236381294548e-04 -8.807038299154334819e-05 -1.147474314323204832e-04 -3.837539215670852542e-04 -1.374278880927145457e-04 -6.606959057446245816e-04 1.097823408507706905e-04 -3.791124475719016580e-04 -1.257671107082925400e-04 1.639273640309615073e-05 9.097134601790255641e-05 -4.917922709967765703e-04 -6.433305506762053818e-04 -1.458264919927528084e-05 1.982402802745302818e-04 -2.380562150578619256e-04 3.355062949280430431e-04 3.826479110416590077e-04 9.022287699633524437e-05 9.268010283912240426e-05 7.774147189434388609e-05 -3.333994108452280748e-04 4.791485008301955536e-04 3.574752554638746657e-04 -1.697240336977620862e-04 -5.268396016537132075e-05 -6.753919236131281025e-05 -1.093586977101667197e-04 -7.661176020542862506e-05 2.060217028642290021e-04 8.985545755896355005e-05 3.526121179955014765e-04 7.871493950064832601e-04 3.149423180854614749e-04 -3.824711562231301941e-04 -6.355549193042992233e-04 -1.908772795572228457e-05 7.968075111060704064e-04 -1.445828077380717470e-04 -7.783072385676140150e-05 -8.230893625893406795e-05 3.745482589829113892e-04 -5.601267891133784518e-05 0.000000000000000000e+00
-2.178845505830101763e-04 1.175800764792549180e-04 -7.991932968560165650e-04 3.252322696592792328e-04 3.215269318873272713e-04 5.878272627401438452e-04 8.542011577635653030e-04 1.690813356646087481e-05 -1.373529489650536278e-04 2.345252680137367956e-04 1.935510540158505530e-04 2.653408746393262196e-04 4.953852864839518918e-04 4.883222156802753070e-04 2.966512180532866251e-04 9.782322217450816013e-04 -2.937084174465471654e-04 5.981301918020587131e-04 5.730231069365338253e-04 5.769081652908975054e-04 1.770697264122020591e-04 4.968977925677970736e-05 8.004200328972156696e-05 5.722809106320666633e-05 -1.899307139562167983e-05 7.983367802361973143e-06 1.197751950219793303e-04 3.012479062061200561e-04 1.779659009314821488e-04 3.154317026435827717e-04 2.399269902267438974e-05 6.850375268819380024e-05 -7.606437190376494101e-05 3.589566717750622914e-05 9.930517202867281330e-05 2.003935364912816743e-04 2.579345424024976729e-04 2.022433913133961912e-04 -5.584720049487546922e-04 2.324332252696076166e-04 1.410524817700401390e-04 1.913543001892090189e-04 1.009128100449659040e-04 2.008920981366134058e-04 -3.766967037189401487e-04 2.306366784068469399e-04 -2.213170494278556162e-04 -1.066669437927059052e-04 3.902843163371587983e-04 2.745844360583587929e-06 -2.800725507137525119e-04 -8.018327238240211636e-05 1.429203178187581210e-04 -2.477363470808612925e-05 1.417937817475182843e-04 -2.295830707351964280e-04 -1.010919890466306583e-04 1.289061238809213550e-05 -1.538449376792902111e-04 2.729766685828719777e-04 2.443842511399150672e-05 -5.173854489643300625e-05 -1.770632004596511117e-04 -1.750553941647412689e-05 2.423333647630467654e-04 4.281786648356473562e-05 -1.103679792276791226e-04 2.896296097247258829e-05 1.115448418928663898e-04 2.109735757028109314e-04 -3.492992697755824250e-04 4.202628575592752010e-05 5.953638019872754974e-05 -8.805906927481695350e-05 2.572425452597264500e-04 -2.438965063045984635e-04 0.000000000000000000e+00
5.412194960877486627e-05 1.005962654489371338e-04 -2.301665445653868619e-04 -4.089253976031366456e-04 -1.631696329160014375e-04 -5.808445390244049286e-04 -3.895666938946996645e-04 1.889370901704280875e-04 9.754753349078988114e-05 -3.101862555597710190e-05 -1.979329231420109687e-04 -4.007997818060621861e-04 -2.368083506068443384e-04 -7.143120211632809674e-05 -2.801036705181927521e-04 -2.937084174465471654e-04 1.503109119105775675e-03 -2.356752365671120648e-06 6.202191295486058980e-05 -9.687999321130395369e-04 6.220270078257205261e-05 -7.763914299660470335e-05 4.062560451180035660e-05 -9.626587758409374182e-04 2.246089670397534790e-04 5.323845610449107018e-05 -3.178668516267069079e-04 -1.226034534389665147e-04 -1.235027256953031130e-05 2.100480955316600892e-04 7.085036649741924835e-06 -3.322288768937941541e-05 -2.678664532199358307e-05 -5.474311812673783020e-05 -1.394709673080223046e-05 -1.489036709278595281e-04 -1.635621924393910456e-04 3.562503229082983661e-04 5.180295276654436708e-05 -1.647785101990122429e-04 5.327523336054495914e-05 3.950912356514535125e-04 2.445511069471241949e-04 2.514659620689247213e-04 3.100889613188355463e-04 -6.798778396898381786e-05 3.271754564149248674e-04 6.338970037150522653e-04 -1.040386841590545323e-04 -1.480628857319656836e-04 6.034766164779209376e-04 3.783477656833093600e-04 -1.201061741350370834e-04 -2.545880683515591632e-05 -5.072333197869271365e-05 2.751610710469839328e-05 -4.374478235266698054e-04 3.236343463012651147e-04 2.269126191222456976e-04 1.909420295006889899e-04 5.957800057670395878e-05 5.546938756577745179e-05 9.772662656853928665e-05 -3.564412361424077770e-05 2.343924376352734130e-04 -1.209084019340022977e-05 2.570248332417575583e-04 2.203089342121371795e-04 4.959871546808162579e-04 3.143845096887148082e-04 -1.555495247397382583e-04 5.623619693960317002e-05 6.499715646656098174e-05 3.980885065770438771e-04 -2.815380185951372712e-04 4.226081734940565811e-05 0.000000000000000000e+00
-1.903151981240629555e-04 3.188272484933952285e-04 -5.669239200802882097e-04 1.483476040439561650e-04 4.061902699572659181e-04 4.467616963822926518e-04 4.337934007420682445e-04 1.010872440769157590e-04 -1.397885793269504362e-04 2.526030352673010767e-04 2.306140131046441582e-04 1.456660809486214742e-04 3.671288846188401340e-04 6.161613198769102769e-04 3.287351743505325221e-04 5.981301918020587131e-04 -2.356752365671120648e-06 6.888342654002920602e-04 7.270205620733034705e-04 1.577798446802875561e-04 2.504775886817424391e-04 -6.919833689793061121e-05 8.932349296950450358e-05 5.927891624726228993e-05 7.767055179457351408e-05 4.501384637623327684e-05 2.103529321804946818e-04 3.078231241205011326e-04 1.443842970826006314e-04 3.480998674383548042e-04 5.320725418207262087e-05 9.253368424962204032e-05 -5.690886725294505425e-05 1.019113990011199659e-04 1.965328368065120989e-04 2.628451872023932303e-04 2.351938753248192964e-04 2.744972982346573047e-04 -4.491996471383221572e-04 2.457640247503378879e-04 2.034275688813541084e-04 1.269562437842922684e-04 1.219854556422326081e-04 1.953989394840953658e-04 -3.946409649943393897e-05 2.998067251881098754e-04 -4.320041952664687449e-05 1.486178323187693838e-04 2.212488155649379646e-04 1.494427062720183236e-05 -9.971941377029947527e-05 5.057147614365454109e-05 2.606420747736670242e-04 2.252321817200965588e-04 2.012471262103485885e-04 -1.926652411068291491e-04 7.557115733626320125e-06 5.372265506481812230e-05 -2.817401711157628043e-05 2.621283639157976513e-04 2.519246697937123713e-05 3.193739300725215147e-05 -1.851177067222255099e-05 8.002840948797437207e-05 1.246627708558311731e-04 1.530174931432814209e-04 -5.401337323105561727e-06 2.316160989091331959e-05 1.015747946159023746e-04 6.427906951756776738e-05 -2.086787102605607437e-04 -3.560873206331173951e-05 4.628618495400170443e-06 4.995494311570986684e-05 2.345375229682290189e-04 3.838229697757257865e-05 0.000000000000000000e+00
-1.788522051813408453e-04 -3.104611064398861420e-05 -7.311934089574952458e-04 2.593038646391777001e-04 3.069138803713356944e-04 7.588341407300788549e-04 5.509466308452293194e-04 4.279050198837561984e-05 -4.106571455651136012e-04 7.409622395964492734e-05 1.836476859755077054e-04 -1.915992841877285795e-05 2.832235782919995549e-04 7.133690474541279141e-04 1.325265024653335530e-04 5.730231069365338253e-04 6.202191295486058980e-05 7.270205620733034705e-04 2.048117173758272000e-03 -2.979708301631986837e-05 8.728827451527456142e-05 -3.733467769068467572e-05 -3.143154708223632626e-04 3.955891456125863433e-04 2.141818718422343402e-04 -1.412572144821981894e-04 3.339228560519220089e-04 1.268505092041879230e-04 9.991501666792769346e-06 7.562621946200443141e-04 2.977457989562401335e-06 2.095479413504710208e-04 1.647102076925869923e-04 -4.196087718359790527e-05 1.609347360593940733e-04 2.264002738500208128e-04 1.172648190797614482e-04 1.300919783388684533e-04 -8.326657739888094698e-04 1.756550313910996920e-04 2.840995567922011632e-04 4.485643067970770248e-05 6.350457774782188112e-05 2.652658005836724237e-04 -3.206333848380100559e-04 6.609874057113415084e-05 -6.665063520786086972e-06 -1.234932098242455892e-04 2.088815600408153530e-04 1.204358826613586978e-05 -1.720871969027409595e-04 5.469980514618890950e-05 2.902723651999111125e-04 4.812599931487851837e-05 3.218554471690050181e-04 -6.834869682186564760e-05 1.364660050963767076e-04 -4.805278179407734503e-05 2.199500545698075891e-05 9.605711040827652090e-05 2.190839637939153795e-04 3.445626623554724294e-05 1.401392873962993123e-04 2.249592368721527234e-04 3.483523571811642178e-04 3.102078921328309952e-04 -9.693805390714902109e-05 -2.256062851392061862e-04 2.926207018941605234e-04 -3.175669492526883776e-05 -3.431474603133269244e-04 -5.335341628326351163e-05 9.014701233571951187e-05 -1.704775153971656206e-05 4.679244760309378003e-04 3.765702090301546842e-04 0.000000000000000000e+00
8.232635676887806902e-05 -5.751765775262819482e-04 -8.678096045270728082e-05 -4.828576101555227883e-04 -4.277996627598590665e-05 -8.562888859370824555e-05 5.726942727624324348e-04 -2.310018373327109732e-04 4.265985859210953847e-05 8.397069228504904024e-05 8.671095857650668246e-06 3.699419841466836762e-05 1.570306904933670524e-04 1.819161927778526117e-04 1.638045999502666262e-03 5.769081652908975054e-04 -9.687999321130395369e-04 1.577798446802875561e-04 -2.979708301631986837e-05 3.467994053956079906e-03 1.305596970676056582e-04 2.346119059268276347e-04 -8.251362644993149426e-05 1.147031813946064807e-03 3.022318885172806384e-05 -3.777222644759728465e-04 -2.520533315871645937e-04 -3.317705962345685158e-05 2.674965031456593814e-05 -9.259849181087634969e-05 1.787944592230816097e-06 1.109031577549955141e-04 4.165423847300367259e-04 -3.270290612774358189e-04 3.223606633657154506e-05 -5.778082327501559622e-05 -2.503889989034181404e-04 -6.725565773609793276e-05 6.971347452132704565e-05 -5.679473584760807851e-05 -2.056356717720732091e-04 2.250297948114089524e-04 -2.664720157901572873e-04 -2.085708672037318292e-04 -5.628898007109968665e-04 -5.877028831125682669e-04 -1.898145786074749842e-04 -2.108893063799952873e-04 1.043786236697466339e-04 3.728219676464911603e-04 8.711651187159912728e-05 -3.016015640549365214e-04 -5.184546663105311573e-05 -2.968328375649224946e-04 -1.317691717156884129e-04 2.583297023522486933e-04 4.334052669679417194e-04 -5.531337361232443827e-05 -3.024784076151798632e-05 -3.870309709068081024e-05 -3.129741524038229624e-05 -5.543617674096850204e-05 -1.859900566161144927e-04 1.433497145039512600e-05 1.656741272266482837e-04 -9.922289850513404377e-05 -1.772958833228242305e-04 -3.751533402287437016e-04 -9.847364220476643396e-05 1.084733837769913498e-04 5.009596488311611473e-04 -3.479293759782416183e-04 -5.010742302300945448e-04 -3.785907525183722063e-04 4.978175160457165831e-04 -9.719332835014540220e-05 0.000000000000000000e+00
